(title "Temperature X=0.3")
(labels "Position" "Static Temperature")

((xy/key/label "Temperature coupe x=0.3")
0.5	300.004
0.473496	300.011
0.448402	300.01
0.424644	300.007
0.40215	300.004
0.38085	300.002
0.360682	300.001
0.341584	300
0.323498	300
0.306371	300
0.29015	300
0.274788	300
0.260237	300
0.246456	300
0.233402	300
0.221037	300
0.209323	300
0.198227	300
0.187714	300
0.177754	300
0.168318	300
0.159377	300
0.150905	300
0.142878	300
0.135271	300
0.128062	300.001
0.12123	300.001
0.114755	300.002
0.108618	300.004
0.102802	300.008
0.0972881	300.015
0.0920618	300.029
0.0871075	300.059
0.0824108	300.123
0.0779581	300.267
0.0737366	300.597
0.069734	301.344
0.0659388	302.944
0.0623402	306.071
0.0589276	311.548
0.0556915	320.167
0.0526225	332.471
0.0497118	348.907
0.0469512	370.081
0.0443328	396.735
0.0418491	429.725
0.039493	469.997
0.0372581	518.52
0.0351378	576.206
0.0331262	643.78
0.0312176	721.639
0.0294068	809.717
0.0276885	907.481
0.026058	1014.03
0.0245108	1128.06
0.0230424	1247.57
0.0216488	1369.87
0.0203262	1491.66
0.0190708	1609.25
0.0178792	1718.75
0.0167481	1816.39
0.0156743	1898.87
0.0146549	1963.57
0.0136871	2009.67
0.0127682	2039.57
0.0118958	2057.47
0.0110673	2067.1
0.0102807	2071.2
0.00953365	2071.68
0.0088242	2069.89
0.00815042	2066.78
0.00751047	2063
0.00690263	2058.99
0.00632526	2055.05
0.0057768	2051.34
0.00525578	2047.97
0.00476079	2044.98
0.00429052	2042.38
0.00384371	2040.15
0.00341916	2038.27
0.00301575	2036.68
0.00225629	2034.33
0.00173117	2033.15
0.00134953	2032.48
0.00105678	2032.05
0.000820062	2031.78
0.000619576	2031.59
0.000443326	2031.46
0.000284016	2031.38
0.000137168	2031.33
0	2031.32
)
