(title "Temperature X=0.7")
(labels "Position" "Static Temperature")

((xy/key/label "Temperature coupe x=0.7")
0.5	300
0.476115	300
0.453373	300
0.431718	300
0.411099	300
0.391464	300
0.372765	300
0.354958	300
0.337998	300
0.321845	300
0.30646	300
0.291805	300
0.277845	300
0.264547	300
0.251878	300
0.239809	300
0.22831	300
0.217355	300
0.206916	300
0.196969	300
0.187491	300
0.178459	300
0.169851	300
0.161648	300.002
0.15383	300.006
0.146379	300.019
0.139276	300.051
0.132507	300.135
0.126053	300.384
0.119902	301.057
0.114038	302.523
0.108447	305.069
0.103117	308.782
0.0980356	313.606
0.0931906	319.427
0.0885709	326.167
0.0841658	333.81
0.0799654	342.359
0.0759598	351.821
0.0721399	362.193
0.0684971	373.466
0.0650228	385.621
0.0617093	398.623
0.0585489	412.428
0.0555344	426.977
0.0526591	442.199
0.0499164	458.011
0.0473001	474.32
0.0448042	491.021
0.0424232	508.003
0.0401517	525.15
0.0379846	542.34
0.0359169	559.446
0.0339441	576.341
0.0320618	592.896
0.0302657	608.981
0.0285519	624.465
0.0269164	639.218
0.0253558	653.114
0.0238664	666.036
0.0224451	677.886
0.0210886	688.587
0.0197939	698.095
0.0185583	706.405
0.0173789	713.53
0.0162532	719.468
0.0151787	724.256
0.0141531	728.139
0.013174	731.455
0.0122394	734.373
0.0113472	736.938
0.0104954	739.184
0.00968222	741.145
0.00890587	742.851
0.00816465	744.332
0.00745696	745.613
0.00678126	746.717
0.00613609	747.665
0.00552004	748.475
0.0049318	749.164
0.00437009	749.636
0.0036725	750.253
0.00309135	750.85
0.002587	751.287
0.0021354	751.607
0.00172185	751.841
0.00133724	752.009
0.00097586	752.126
0.000634035	752.203
0.000309315	752.247
0	752.255
)
