(title "Temperature X=0.1")
(labels "Position" "Static Temperature")

((xy/key/label "Temperature coupe x=0.1")
0.5	300.188
0.472186	300.193
0.445917	300.206
0.421107	300.226
0.397675	300.251
0.375543	300.28
0.35464	300.313
0.334896	300.35
0.316248	300.391
0.298633	300.435
0.281995	300.484
0.266279	300.536
0.251434	300.592
0.237411	300.653
0.224164	300.718
0.211651	300.788
0.19983	300.864
0.188663	300.945
0.178113	301.032
0.168147	301.127
0.158732	301.229
0.149836	301.34
0.141433	301.462
0.133493	301.595
0.125991	301.742
0.118903	301.905
0.112207	302.087
0.105879	302.291
0.0999006	302.521
0.0942513	302.783
0.0889133	303.082
0.0838691	303.428
0.0791026	303.829
0.0745984	304.298
0.0703419	304.851
0.0663195	305.506
0.0625181	306.286
0.0589256	307.222
0.0555303	308.351
0.0523215	309.72
0.0492887	311.389
0.0464223	313.437
0.0437131	315.964
0.0411524	319.107
0.0387319	323.058
0.036444	328.098
0.0342814	334.647
0.032237	343.359
0.0303045	355.262
0.0284776	372.018
0.0267506	396.401
0.0251179	433.004
0.0235743	489.126
0.022115	575.121
0.0207352	703.101
0.0194307	882.902
0.0181973	1115.31
0.0170311	1382.28
0.0159283	1636.23
0.0148856	1801.61
0.0138995	1861.46
0.0129671	1858.09
0.0120854	1822.57
0.0112515	1771.91
0.0104629	1715.42
0.00971704	1658.3
0.00901165	1603.63
0.00834449	1552.9
0.00771347	1506.61
0.00711661	1464.84
0.00655204	1427.53
0.00601801	1394.52
0.00551284	1365.58
0.00503496	1340.45
0.00458287	1318.84
0.00415519	1300.44
0.00375056	1284.92
0.00336774	1271.97
0.00300555	1261.25
0.00266285	1252.4
0.00233858	1244.82
0.00154819	1231.74
0.00105108	1227.08
0.000730792	1225.06
0.000517462	1224.08
0.000369171	1223.57
0.000260745	1223.27
0.000177058	1223.08
0.000109006	1222.96
5.10952e-005	1222.89
0	1222.88
)
