(title "Temperature X=0.5")
(labels "Position" "Static Temperature")

((xy/key/label "Temperature coupe x=0.5")
0.5	300
0.474805	300
0.450888	300
0.428181	300
0.406624	300
0.386157	300
0.366724	300
0.348271	300
0.330748	300
0.314108	300
0.298305	300
0.283296	300
0.269041	300
0.255501	300
0.24264	300
0.230423	300
0.218817	300
0.207791	300
0.197315	300
0.187362	300
0.177905	300
0.168918	300
0.160378	300
0.152263	300
0.14455	300
0.13722	300.001
0.130253	300.002
0.123631	300.005
0.117336	300.015
0.111352	300.044
0.105663	300.144
0.100254	300.452
0.0951124	301.264
0.0902232	302.995
0.0855744	306.046
0.0811537	310.684
0.0769499	317.053
0.0729521	325.171
0.06915	335.056
0.0655338	346.801
0.0620943	360.533
0.0588227	376.383
0.0557105	394.474
0.05275	414.918
0.0499336	437.803
0.0472541	463.185
0.0447047	491.084
0.0422791	521.48
0.039971	554.297
0.0377747	589.409
0.0356847	626.632
0.0336957	665.727
0.0318027	706.41
0.0300011	748.357
0.0282863	791.219
0.0266541	834.633
0.0251004	878.237
0.0236213	921.68
0.0222133	964.63
0.0208728	1006.77
0.0195966	1047.77
0.0183814	1087.32
0.0172244	1125.09
0.0161227	1160.73
0.0150736	1193.91
0.0140745	1224.29
0.013123	1251.56
0.0122169	1275.34
0.0113538	1295.11
0.0105318	1310.52
0.00974879	1322.32
0.00900293	1332.03
0.00829243	1340.44
0.00761556	1347.74
0.00697073	1354.03
0.00635637	1359.42
0.00577103	1364.03
0.00521331	1367.95
0.00468188	1371.27
0.00417548	1374.06
0.00369292	1376.25
0.0029644	1379.21
0.00241126	1381.3
0.00196826	1382.73
0.00159609	1383.73
0.00127095	1384.44
0.000978406	1384.95
0.000709593	1385.3
0.000459025	1385.52
0.000223241	1385.66
0	1385.68
)
