(title "custom-function-0")
(labels "Position" "custom-function-0")

((xy/key/label "Z X=0.3")
0.5	-0.0574751
0.473496	-0.0574221
0.448402	-0.057437
0.424644	-0.0574592
0.40215	-0.0574779
0.38085	-0.0574901
0.360682	-0.0574957
0.341584	-0.057498
0.323498	-0.0574989
0.306371	-0.0574994
0.29015	-0.0574996
0.274788	-0.0574997
0.260237	-0.0574998
0.246456	-0.0574999
0.233402	-0.0574999
0.221037	-0.0575
0.209323	-0.0575
0.198227	-0.0575
0.187714	-0.0575
0.177754	-0.0575
0.168318	-0.0575
0.159377	-0.0575
0.150905	-0.0575
0.142878	-0.0575
0.135271	-0.0575
0.128062	-0.0575
0.12123	-0.0575
0.114755	-0.0574999
0.108618	-0.0574998
0.102802	-0.0574997
0.0972881	-0.0574994
0.0920618	-0.0574988
0.0871075	-0.0574976
0.0824108	-0.0574951
0.0779581	-0.0574894
0.0737366	-0.0574766
0.069734	-0.0574483
0.0659388	-0.0573899
0.0623402	-0.0572823
0.0589276	-0.0571063
0.0556915	-0.0568486
0.0526225	-0.0565043
0.0497118	-0.0560695
0.0469512	-0.0555344
0.0443328	-0.0548847
0.0418491	-0.0541021
0.039493	-0.0531645
0.0372581	-0.052047
0.0351378	-0.0507214
0.0331262	-0.0491581
0.0312176	-0.0473273
0.0294068	-0.0452011
0.0276885	-0.0427559
0.026058	-0.0399739
0.0245108	-0.0368443
0.0230424	-0.0333662
0.0216488	-0.0295519
0.0203262	-0.0254298
0.0190708	-0.0210468
0.0178792	-0.0164677
0.0167481	-0.0117723
0.0156743	-0.00704926
0.0146549	-0.00238971
0.0136871	0.00212
0.0127682	0.00640697
0.0118958	0.0104194
0.0110673	0.0141271
0.0102807	0.0175164
0.00953365	0.0205839
0.0088242	0.0233334
0.00815042	0.0257739
0.00751047	0.0279188
0.00690263	0.0297854
0.00632526	0.0313945
0.0057768	0.0327692
0.00525578	0.0339335
0.00476079	0.0349118
0.00429052	0.0357276
0.00384371	0.0364031
0.00341916	0.0369604
0.00301575	0.0374217
0.00225629	0.0380884
0.00173117	0.0384109
0.00134953	0.0385911
0.00105678	0.0387016
0.000820062	0.0387733
0.000619576	0.0388212
0.000443326	0.038853
0.000284016	0.0388733
0.000137168	0.038885
0	0.0388869
)

((xy/key/label "Z X=0.5")
0.5	-0.0575
0.474805	-0.0574995
0.450888	-0.0574997
0.428181	-0.0574999
0.406624	-0.0575
0.386157	-0.0575
0.366724	-0.0575
0.348271	-0.0575
0.330748	-0.0575
0.314108	-0.0575
0.298305	-0.0575
0.283296	-0.0575
0.269041	-0.0575
0.255501	-0.0575
0.24264	-0.0575
0.230423	-0.0575
0.218817	-0.0575
0.207791	-0.0575
0.197315	-0.0575
0.187362	-0.0575
0.177905	-0.0575
0.168918	-0.0575
0.160378	-0.0575
0.152263	-0.0575
0.14455	-0.0575
0.13722	-0.0575
0.130253	-0.0574999
0.123631	-0.0574998
0.117336	-0.0574994
0.111352	-0.0574982
0.105663	-0.0574939
0.100254	-0.0574808
0.0951124	-0.0574473
0.0902232	-0.05738
0.0855744	-0.0572704
0.0811537	-0.0571165
0.0769499	-0.0569203
0.0729521	-0.0566858
0.06915	-0.0564154
0.0655338	-0.0561086
0.0620943	-0.0557636
0.0588227	-0.0553785
0.0557105	-0.0549513
0.05275	-0.0544802
0.0499336	-0.0539635
0.0472541	-0.0534002
0.0447047	-0.0527897
0.0422791	-0.0521317
0.039971	-0.0514269
0.0377747	-0.0506767
0.0356847	-0.0498836
0.0336957	-0.0490505
0.0318027	-0.0481817
0.0300011	-0.047282
0.0282863	-0.0463572
0.0266541	-0.0454135
0.0251004	-0.044458
0.0236213	-0.0434977
0.0222133	-0.0425402
0.0208728	-0.0415932
0.0195966	-0.0406645
0.0183814	-0.0397622
0.0172244	-0.0388945
0.0161227	-0.0380703
0.0150736	-0.0372984
0.0140745	-0.0365877
0.013123	-0.0359471
0.0122169	-0.0353865
0.0113538	-0.0349192
0.0105318	-0.0345551
0.00974879	-0.0342767
0.00900293	-0.0340479
0.00829243	-0.0338492
0.00761556	-0.0336767
0.00697073	-0.0335281
0.00635637	-0.0334004
0.00577103	-0.0332914
0.00521331	-0.0331986
0.00468188	-0.0331201
0.00417548	-0.0330539
0.00369292	-0.033003
0.0029644	-0.032933
0.00241126	-0.0328818
0.00196826	-0.0328467
0.00159609	-0.0328219
0.00127095	-0.0328042
0.000978406	-0.0327918
0.000709593	-0.0327832
0.000459025	-0.0327776
0.000223241	-0.0327743
0	-0.0327738
)

((xy/key/label "Z X=0.7")
0.5	-0.0575
0.476115	-0.0575
0.453373	-0.0575
0.431718	-0.0575
0.411099	-0.0575
0.391464	-0.0575
0.372765	-0.0575
0.354958	-0.0575
0.337998	-0.0575
0.321845	-0.0575
0.30646	-0.0575
0.291805	-0.0575
0.277845	-0.0575
0.264547	-0.0575
0.251878	-0.0575
0.239809	-0.0575
0.22831	-0.0575
0.217355	-0.0575
0.206916	-0.0575
0.196969	-0.0575
0.187491	-0.0575
0.178459	-0.0575
0.169851	-0.0575
0.161648	-0.0574999
0.15383	-0.0574997
0.146379	-0.0574992
0.139276	-0.0574978
0.132507	-0.057494
0.126053	-0.0574832
0.119902	-0.0574554
0.114038	-0.0573993
0.108447	-0.05731
0.103117	-0.0571902
0.0980356	-0.0570456
0.0931906	-0.0568817
0.0885709	-0.0567016
0.0841658	-0.0565062
0.0799654	-0.056296
0.0759598	-0.0560711
0.0721399	-0.055832
0.0684971	-0.0555791
0.0650228	-0.0553132
0.0617093	-0.055035
0.0585489	-0.0547456
0.0555344	-0.0544463
0.0526591	-0.0541383
0.0499164	-0.0538232
0.0473001	-0.0535027
0.0448042	-0.0531785
0.0424232	-0.0528525
0.0401517	-0.0525266
0.0379846	-0.0522028
0.0359169	-0.051883
0.0339441	-0.0515694
0.0320618	-0.0512639
0.0302657	-0.0509687
0.0285519	-0.0506857
0.0269164	-0.0504173
0.0253558	-0.0501653
0.0238664	-0.0499316
0.0224451	-0.0497179
0.0210886	-0.0495254
0.0197939	-0.0493547
0.0185583	-0.0492058
0.0173789	-0.0490783
0.0162532	-0.0489722
0.0151787	-0.0488868
0.0141531	-0.0488176
0.013174	-0.0487586
0.0122394	-0.0487067
0.0113472	-0.0486611
0.0104954	-0.0486211
0.00968222	-0.0485863
0.00890587	-0.048556
0.00816465	-0.0485296
0.00745696	-0.0485069
0.00678126	-0.0484873
0.00613609	-0.0484704
0.00552004	-0.048456
0.0049318	-0.0484438
0.00437009	-0.0484358
0.0036725	-0.0484248
0.00309135	-0.0484136
0.002587	-0.0484054
0.0021354	-0.0483994
0.00172185	-0.048395
0.00133724	-0.0483918
0.00097586	-0.0483897
0.000634035	-0.0483882
0.000309315	-0.0483874
0	-0.0483872
)

((xy/key/label "Z X=0.1")
0.5	-0.0566844
0.472186	-0.0566856
0.445917	-0.0566876
0.421107	-0.0566892
0.397675	-0.0566908
0.375543	-0.0566931
0.35464	-0.0566957
0.334896	-0.0566986
0.316248	-0.0567013
0.298633	-0.056704
0.281995	-0.0567064
0.266279	-0.0567086
0.251434	-0.0567106
0.237411	-0.0567125
0.224164	-0.0567145
0.211651	-0.0567164
0.19983	-0.0567185
0.188663	-0.0567206
0.178113	-0.0567228
0.168147	-0.056725
0.158732	-0.0567273
0.149836	-0.0567295
0.141433	-0.0567315
0.133493	-0.0567334
0.125991	-0.0567351
0.118903	-0.0567363
0.112207	-0.056737
0.105879	-0.0567372
0.0999006	-0.0567365
0.0942513	-0.0567349
0.0889133	-0.0567322
0.0838691	-0.0567281
0.0791026	-0.0567223
0.0745984	-0.0567145
0.0703419	-0.0567044
0.0663195	-0.0566914
0.0625181	-0.0566749
0.0589256	-0.0566544
0.0555303	-0.0566288
0.0523215	-0.0565973
0.0492887	-0.0565583
0.0464223	-0.0565103
0.0437131	-0.0564511
0.0411524	-0.0563778
0.0387319	-0.0562866
0.036444	-0.0561716
0.0342814	-0.0560242
0.032237	-0.055831
0.0303045	-0.0555708
0.0284776	-0.0552089
0.0267506	-0.054686
0.0251179	-0.0538993
0.0235743	-0.0526716
0.022115	-0.0507113
0.0207352	-0.0475672
0.0194307	-0.0425994
0.0181973	-0.0350143
0.0170311	-0.0240272
0.0159283	-0.00925062
0.0148856	0.00875888
0.0138995	0.0285963
0.0129671	0.0489951
0.0120854	0.0693206
0.0112515	0.0892634
0.0104629	0.108594
0.00971704	0.127093
0.00901165	0.144532
0.00834449	0.16078
0.00771347	0.175816
0.00711661	0.189634
0.00655204	0.202225
0.00601801	0.213591
0.00551284	0.223742
0.00503496	0.232708
0.00458287	0.240533
0.00415519	0.247282
0.00375056	0.253034
0.00336774	0.257881
0.00300555	0.261919
0.00266285	0.265274
0.00233858	0.268166
0.00154819	0.273182
0.00105108	0.274978
0.000730792	0.27576
0.000517462	0.276138
0.000369171	0.276342
0.000260745	0.276462
0.000177058	0.276537
0.000109006	0.276586
5.10952e-005	0.276616
0	0.276621
)
